function mpc = LF_Case04_R4_S
%LF_CASE04_R4_S
%   PSS(R)E 29 RAW created by rawd29  MON, FEB 17 2014  18:49
%   LF_CASE04_R3_S   14-GEN. SIMPLIFIED MODEL OF THE 4-STATE
%   SYSTEM: LIGHTLD AREA4<-AREA2->AREA3->AREA5 200-200-200MW
%
%   Converted by MATPOWER 7.0b1 using PSSE2MPC on 08-Jun-2019
%   from 'LF_Case04_R4_S.raw' using PSS/E rev 29 format.
%
%   WARNINGS:
%       Section label mismatch, found 'VSC DC LINE', expected 'VOLTAGE SOURCE CONVERTER'
%       Section label mismatch, found 'FACTS DEVICE', expected 'FACTS CONTROL DEVICE'
%       Using default voltage magnitude limits: VMIN = 0.9 p.u., VMAX = 1.1 p.u.
%
%   See CASEFORMAT for details on the MATPOWER case file format.

%% MATPOWER Case Format : Version 2
mpc.version = '2';

%%-----  Power Flow Data  -----%%
%% system MVA base
mpc.baseMVA = 100;

%% bus data
%	bus_i	type	Pd	Qd	Gs	Bs	area	Vm	Va	baseKV	zone	Vmax	Vmin
mpc.bus = [
	101	2	0	0	0	0	1	1	-21.6109	15	1	1.1	0.9;
	102	1	270	30	0	0	1	1.03505	-21.6109	330	1	1.1	0.9;
	201	2	0	0	0	0	2	1	5.8891	20	1	1.1	0.9;
	202	2	0	0	0	0	2	1	1.5272	20	1	1.1	0.9;
	203	2	0	0	0	0	2	1	1.1932	20	1	1.1	0.9;
	204	3	0	0	0	0	2	1	0	20	1	1.1	0.9;
	205	2	235	25	0	0	2	1.045	-10.7006	330	1	1.1	0.9;
	206	1	80	10	0	0	2	1.0157	-1.4416	330	1	1.1	0.9;
	207	1	1130	120	0	0	2	1.00308	-7.4573	330	1	1.1	0.9;
	208	1	125	15	0	0	2	1.00744	-7.0143	330	1	1.1	0.9;
	209	1	0	0	0	0	2	1.00944	-6.0141	330	1	1.1	0.9;
	210	1	0	0	0	0	2	1.04585	-8.2698	500	1	1.1	0.9;
	211	1	1060	110	0	0	2	1.01444	-12.533	330	1	1.1	0.9;
	212	1	1000	110	0	400	2	1.02324	-12.8034	330	1	1.1	0.9;
	213	1	0	0	0	0	2	1.04484	-10.6555	500	1	1.1	0.9;
	214	1	0	0	0	0	2	1.03741	-12.901	330	1	1.1	0.9;
	215	1	290	30	0	0	2	1.01499	-5.4176	330	1	1.1	0.9;
	216	1	1105	120	0	300	2	1.03448	-14.6753	330	1	1.1	0.9;
	217	1	750	80	0	0	2	1.03223	-17.4582	330	1	1.1	0.9;
	301	2	0	0	0	0	3	1	-6.3752	20	1	1.1	0.9;
	302	2	0	0	0	0	3	1	-15.3751	20	1	1.1	0.9;
	303	1	0	0	0	0	3	1.00488	-13.9924	500	1	1.1	0.9;
	304	1	0	0	0	0	3	1.00542	-22.8954	500	1	1.1	0.9;
	305	1	0	0	0	0	3	1.0163	-24.0067	500	1	1.1	0.9;
	306	1	900	90	0	0	3	1.0183	-25.5714	500	1	1.1	0.9;
	307	1	470	50	0	0	3	1.02074	-25.6044	500	1	1.1	0.9;
	308	1	620	100	0	0	3	1.0441	-32.9496	500	1	1.1	0.9;
	309	1	140	15	0	0	3	1.04184	-23.2471	330	1	1.1	0.9;
	310	1	0	0	0	0	3	1.00776	-24.165	330	1	1.1	0.9;
	311	1	0	0	0	0	3	1.03746	-23.6261	330	1	1.1	0.9;
	312	1	92	10	0	0	3	1.01132	-22.6716	220	1	1.1	0.9;
	313	2	1625	165	0	0	3	1.015	-28.3633	220	1	1.1	0.9;
	314	1	180	20	0	0	3	1.01615	-27.4327	220	1	1.1	0.9;
	315	1	0	0	0	0	3	1.04266	-34.3703	275	1	1.1	0.9;
	401	2	0	0	0	0	4	1	-13.1037	20	1	1.1	0.9;
	402	2	0	0	0	0	4	1	2.2181	20	1	1.1	0.9;
	403	2	0	0	0	0	4	1	1.9537	20	1	1.1	0.9;
	404	2	0	0	0	0	4	1	-4.726	20	1	1.1	0.9;
	405	1	730	75	0	0	4	1.00788	-11.03	275	1	1.1	0.9;
	406	1	540	55	0	0	4	0.99929	-6.1997	275	1	1.1	0.9;
	407	1	0	0	0	0	4	1.00106	-4.249	275	1	1.1	0.9;
	408	1	110	10	0	0	4	1.01207	-6.1851	275	1	1.1	0.9;
	409	1	190	20	0	60	4	1.03289	-21.2613	275	1	1.1	0.9;
	410	1	390	40	0	0	4	1.01319	-19.2319	275	1	1.1	0.9;
	411	1	420	45	0	30	4	1.00629	-25.8081	275	1	1.1	0.9;
	412	2	922	100	0	0	4	1	-25.9326	275	1	1.1	0.9;
	413	1	0	0	0	0	4	1.04649	-16.8203	275	1	1.1	0.9;
	414	1	0	0	0	-30	4	1.03316	-16.5543	330	1	1.1	0.9;
	415	1	0	0	0	-60	4	1.04457	-15.3269	330	1	1.1	0.9;
	416	1	0	0	0	-60	4	1.05436	-13.0593	330	1	1.1	0.9;
	501	2	0	0	0	0	5	1	-31.4249	20	1	1.1	0.9;
	502	2	0	0	0	0	5	1	-32.988	15	1	1.1	0.9;
	503	2	0	0	0	0	5	1	-32.4534	15	1	1.1	0.9;
	504	1	180	20	0	0	5	1.03667	-39.3425	275	1	1.1	0.9;
	505	1	0	0	0	0	5	1.00777	-39.5519	275	1	1.1	0.9;
	506	1	0	0	0	0	5	1.00901	-41.0027	275	1	1.1	0.9;
	507	2	640	65	0	0	5	1.01	-41.5366	275	1	1.1	0.9;
	508	1	490	50	0	0	5	1.00469	-41.6212	275	1	1.1	0.9;
	509	2	122	15	0	0	5	1.03	-36.9831	275	1	1.1	0.9;
];

%% generator data
%	bus	Pg	Qg	Qmax	Qmin	Vg	mBase	status	Pmax	Pmin	Pc1	Pc2	Qc1min	Qc1max	Qc2min	Qc2max	ramp_agc	ramp_10	ramp_30	ramp_q	apf
mpc.gen = [
	101	0	-194.719	290.564	-290.564	1	666.6	1	600	0	0	0	0	0	0	0	0	0	0	0	0;
	201	2160	-123.271	1162.432	-1162.432	1	2666.8	1	2400	0	0	0	0	0	0	0	0	0	0	0	0;
	202	1380	-7.371	726.54	-726.54	1	1666.8	1	1500	0	0	0	0	0	0	0	0	0	0	0	0;
	203	1410	28.229	726.54	-726.54	1	1666.8	1	1500	0	0	0	0	0	0	0	0	0	0	0	0;
	204	1597.149	-174.217	1162.432	-1162.432	1	2666.8	1	2400	0	0	0	0	0	0	0	0	0	0	0	0;
	205	0	-39.367	430	-220	1.045	650	1	0	0	0	0	0	0	0	0	0	0	0	0	0;
	301	3330	99.731	1743.648	-1743.648	1	4000.2	1	3600	0	0	0	0	0	0	0	0	0	0	0	0;
	302	760	-18.509	387.418	-387.418	1	888.8	1	800	0	0	0	0	0	0	0	0	0	0	0	0;
	313	0	86.68	600	-200	1.015	800	1	0	0	0	0	0	0	0	0	0	0	0	0	0;
	401	960	-65.659	581.127	-581.127	1	1333.2	1	1200	0	0	0	0	0	0	0	0	0	0	0	0;
	402	580	-4.706	290.564	-290.564	1	666.6	1	600	0	0	0	0	0	0	0	0	0	0	0	0;
	403	960	42.633	581.127	-581.127	1	1333.2	1	1200	0	0	0	0	0	0	0	0	0	0	0	0;
	404	651	-10.518	435.846	-435.846	1	999.9	1	900	0	0	0	0	0	0	0	0	0	0	0	0;
	412	0	-53.018	1100	-330	1	1430	1	0	0	0	0	0	0	0	0	0	0	0	0	0;
	501	560	-105.051	290.564	-290.564	1	666.6	1	600	0	0	0	0	0	0	0	0	0	0	0	0;
	502	540	-5.462	450	-450	1	750	1	600	0	0	0	0	0	0	0	0	0	0	0	0;
	503	150	2.203	72.663	-72.663	1	166.7	1	150	0	0	0	0	0	0	0	0	0	0	0	0;
	507	0	-4.023	320	-180	1.01	500	1	0	0	0	0	0	0	0	0	0	0	0	0	0;
	509	0	-109.263	400	-150	1.03	550	1	0	0	0	0	0	0	0	0	0	0	0	0	0;
];

%% branch data
%	fbus	tbus	r	x	b	rateA	rateB	rateC	ratio	angle	status	angmin	angmax
