function mpc = LF_Case05_R4_S
%LF_CASE05_R4_S
%   PSS(R)E 29 RAW created by rawd29  MON, FEB 17 2014  18:49
%   LF_CASE05_R3_S  14 GEN, SIMPLIFIED MODEL OF 4-STATE SYSTEM
%   MEDLD+PUMP AREA4->AREA2<-AREA3->AREA5 300-200-250
%
%   Converted by MATPOWER 7.0b1 using PSSE2MPC on 08-Jun-2019
%   from 'LF_Case05_R4_S.raw' using PSS/E rev 29 format.
%
%   WARNINGS:
%       Section label mismatch, found 'VSC DC LINE', expected 'VOLTAGE SOURCE CONVERTER'
%       Section label mismatch, found 'FACTS DEVICE', expected 'FACTS CONTROL DEVICE'
%       Using default voltage magnitude limits: VMIN = 0.9 p.u., VMAX = 1.1 p.u.
%
%   See CASEFORMAT for details on the MATPOWER case file format.

%% MATPOWER Case Format : Version 2
mpc.version = '2';

%%-----  Power Flow Data  -----%%
%% system MVA base
mpc.baseMVA = 100;

%% bus data
%	bus_i	type	Pd	Qd	Gs	Bs	area	Vm	Va	baseKV	zone	Vmax	Vmin
mpc.bus = [
	101	2	0	0	0	0	1	1	-34.8374	15	1	1.1	0.9;
	102	1	340	35	0	0	1	1.01192	-30.7573	330	1	1.1	0.9;
	201	2	0	0	0	0	2	1	6.6377	20	1	1.1	0.9;
	202	2	0	0	0	0	2	1	-1.6055	20	1	1.1	0.9;
	203	2	0	0	0	0	2	1	-5.2144	20	1	1.1	0.9;
	204	3	0	0	0	0	2	1	0	20	1	1.1	0.9;
	205	2	290	30	0	0	2	1.045	-0.1466	330	1	1.1	0.9;
	206	1	100	10	0	0	2	1.02926	-0.6459	330	1	1.1	0.9;
	207	1	1410	145	0	0	2	1.00881	-11.4949	330	1	1.1	0.9;
	208	1	160	20	0	0	2	1.01454	-12.9559	330	1	1.1	0.9;
	209	1	0	0	0	0	2	1.02004	-9.1664	330	1	1.1	0.9;
	210	1	0	0	0	0	2	1.05053	-11.99	500	1	1.1	0.9;
	211	1	1275	130	0	0	2	1.0113	-18.1414	330	1	1.1	0.9;
	212	1	1245	125	0	400	2	1.01666	-17.8022	330	1	1.1	0.9;
	213	1	0	0	0	0	2	1.04309	-14.9884	500	1	1.1	0.9;
	214	1	0	0	0	0	2	1.03141	-17.8606	330	1	1.1	0.9;
	215	1	360	40	0	0	2	1.02469	-6.9801	330	1	1.1	0.9;
	216	1	1380	140	0	300	2	1.02452	-19.7406	330	1	1.1	0.9;
	217	1	940	95	0	0	2	1.01231	-23.9397	330	1	1.1	0.9;
	301	2	0	0	0	0	3	1	-2.6394	20	1	1.1	0.9;
	302	2	0	0	0	0	3	1	-14.3288	20	1	1.1	0.9;
	303	1	0	0	0	0	3	1.02758	-9.7342	500	1	1.1	0.9;
	304	1	0	0	0	0	3	1.00906	-21.097	500	1	1.1	0.9;
	305	1	0	0	0	0	3	1.0191	-22.5877	500	1	1.1	0.9;
	306	1	1085	110	0	0	3	1.02056	-24.3762	500	1	1.1	0.9;
	307	1	580	60	0	0	3	1.02321	-24.3805	500	1	1.1	0.9;
	308	1	580	60	0	0	3	1.05049	-31.7609	500	1	1.1	0.9;
	309	1	170	20	0	0	3	1.02293	-29.1694	330	1	1.1	0.9;
	310	1	0	0	0	0	3	1.01212	-21.5711	330	1	1.1	0.9;
	311	1	0	0	0	0	3	1.03772	-25.0417	330	1	1.1	0.9;
	312	1	105	15	0	0	3	1.03181	-20.5127	220	1	1.1	0.9;
	313	2	2130	220	0	0	3	1.015	-28.0344	220	1	1.1	0.9;
	314	1	222	25	0	0	3	1.01675	-26.8631	220	1	1.1	0.9;
	315	1	0	0	0	0	3	1.04707	-33.5134	275	1	1.1	0.9;
	401	2	0	0	0	0	4	1	20.8208	20	1	1.1	0.9;
	402	2	0	0	0	0	4	1	49.8063	20	1	1.1	0.9;
	403	2	0	0	0	0	4	1	53.5283	20	1	1.1	0.9;
	404	2	0	0	0	0	4	1	47.0741	20	1	1.1	0.9;
	405	1	990	100	0	0	4	1.03397	39.733	275	1	1.1	0.9;
	406	1	740	75	0	0	4	1.03583	45.1429	275	1	1.1	0.9;
	407	1	0	0	0	0	4	1.04084	47.4921	275	1	1.1	0.9;
	408	1	150	15	0	0	4	1.03688	42.2693	275	1	1.1	0.9;
	409	1	260	30	0	60	4	1.00362	19.7786	275	1	1.1	0.9;
	410	1	530	55	0	0	4	1.0287	14.6049	275	1	1.1	0.9;
	411	1	575	60	0	30	4	0.99742	7.8867	275	1	1.1	0.9;
	412	2	1255	130	0	0	4	1	6.9244	275	1	1.1	0.9;
	413	1	0	0	0	0	4	1.05247	10.2137	275	1	1.1	0.9;
	414	1	0	0	0	-30	4	1.03942	9.7541	330	1	1.1	0.9;
	415	1	0	0	0	-60	4	1.04779	7.5743	330	1	1.1	0.9;
	416	1	0	0	0	-60	4	1.05445	3.673	330	1	1.1	0.9;
	501	2	0	0	0	0	5	1	-33.4105	20	1	1.1	0.9;
	502	2	0	0	0	0	5	1	-33.0178	15	1	1.1	0.9;
	503	2	0	0	0	0	5	1	-37.2042	15	1	1.1	0.9;
	504	1	225	25	0	0	5	1.04224	-41.1683	275	1	1.1	0.9;
	505	1	0	0	0	0	5	1.0122	-39.883	275	1	1.1	0.9;
	506	1	0	0	0	0	5	1.01517	-42.0475	275	1	1.1	0.9;
	507	2	750	75	0	0	5	1.015	-42.5626	275	1	1.1	0.9;
	508	1	600	60	0	0	5	1.01056	-43.0584	275	1	1.1	0.9;
	509	2	150	15	0	0	5	1.03	-36.7437	275	1	1.1	0.9;
];

%% generator data
%	bus	Pg	Qg	Qmax	Qmin	Vg	mBase	status	Pmax	Pmin	Pc1	Pc2	Qc1min	Qc1max	Qc2min	Qc2max	ramp_agc	ramp_10	ramp_30	ramp_q	apf
mpc.gen = [
	101	-600	-77.957	435.846	-435.846	1	999.9	1	900	0	0	0	0	0	0	0	0	0	0	0	0;
	201	2800	193.445	1453.04	-1453.04	1	3333.5	1	3000	0	0	0	0	0	0	0	0	0	0	0	0;
	202	1920	268.884	968.72	-968.72	1	2222.4	1	2000	0	0	0	0	0	0	0	0	0	0	0	0;
	203	920	166.124	484.36	-484.36	1	1111.2	1	1000	0	0	0	0	0	0	0	0	0	0	0	0;
	204	2137.635	220.967	1162.432	-1162.432	1	2666.8	1	2400	0	0	0	0	0	0	0	0	0	0	0	0;
	205	0	-118.315	430	-220	1.045	650	1	0	0	0	0	0	0	0	0	0	0	0	0	0;
	301	4400	704.745	2324.864	-2324.864	1	5333.6	1	4800	0	0	0	0	0	0	0	0	0	0	0	0;
	302	1026	131.429	581.127	-581.127	1	1333.2	1	1200	0	0	0	0	0	0	0	0	0	0	0	0;
	313	0	54.861	600	-200	1.015	800	1	0	0	0	0	0	0	0	0	0	0	0	0	0;
	401	1384	339.579	774.836	-774.836	1	1777.6	1	1600	0	0	0	0	0	0	0	0	0	0	0	0;
	402	840	136.25	435.846	-435.846	1	999.9	1	900	0	0	0	0	0	0	0	0	0	0	0	0;
	403	1360	185.293	774.836	-774.836	1	1777.6	1	1600	0	0	0	0	0	0	0	0	0	0	0	0;
	404	1360	252.042	726.41	-726.41	1	1666.5	1	1500	0	0	0	0	0	0	0	0	0	0	0	0;
	412	0	22.828	1100	-330	1	1430	1	0	0	0	0	0	0	0	0	0	0	0	0	0;
	501	560	-70.361	290.564	-290.564	1	666.6	1	600	0	0	0	0	0	0	0	0	0	0	0	0;
	502	760	0.532	600	-600	1	1000	1	800	0	0	0	0	0	0	0	0	0	0	0	0;
	503	174	7.05	145.326	-145.326	1	333.4	1	300	0	0	0	0	0	0	0	0	0	0	0	0;
	507	0	13.793	320	-180	1.015	500	1	0	0	0	0	0	0	0	0	0	0	0	0	0;
	509	0	-123.834	400	-150	1.03	550	1	0	0	0	0	0	0	0	0	0	0	0	0	0;
];

%% branch data
%	fbus	tbus	r	x	b	rateA	rateB	rateC	ratio	angle	status	angmin	angmax
