function mpc = LF_Case06_R4_S
%LF_CASE06_R4_S
%   PSS(R)E 29 RAW created by rawd29  MON, FEB 17 2014  18:49
%   LF_CASE06_R3_S  14-GEN SIMPLIFIED MODEL OF 4-STATE SYSTEM.
%   LIGHT LOAD#2 AREA4->AREA2->AREA3->AREA5 0-0-0 MW
%
%   Converted by MATPOWER 7.0b1 using PSSE2MPC on 08-Jun-2019
%   from 'LF_Case06_R4_S.raw' using PSS/E rev 29 format.
%
%   WARNINGS:
%       Section label mismatch, found 'VSC DC LINE', expected 'VOLTAGE SOURCE CONVERTER'
%       Section label mismatch, found 'FACTS DEVICE', expected 'FACTS CONTROL DEVICE'
%       Using default voltage magnitude limits: VMIN = 0.9 p.u., VMAX = 1.1 p.u.
%
%   See CASEFORMAT for details on the MATPOWER case file format.

%% MATPOWER Case Format : Version 2
mpc.version = '2';

%%-----  Power Flow Data  -----%%
%% system MVA base
mpc.baseMVA = 100;

%% bus data
%	bus_i	type	Pd	Qd	Gs	Bs	area	Vm	Va	baseKV	zone	Vmax	Vmin
mpc.bus = [
	101	2	0	0	0	0	1	1	-19.5127	15	1	1.1	0.9;
	102	1	270	30	0	0	1	1.03679	-19.5127	330	1	1.1	0.9;
	201	2	0	0	0	0	2	1	4.4291	20	1	1.1	0.9;
	202	2	0	0	0	0	2	1	1.9815	20	1	1.1	0.9;
	203	2	0	0	0	0	2	1	1.4392	20	1	1.1	0.9;
	204	3	0	0	0	0	2	1	0	20	1	1.1	0.9;
	205	2	235	25	0	0	2	1.045	-8.29	330	1	1.1	0.9;
	206	1	80	10	0	0	2	1.01211	-3.2793	330	1	1.1	0.9;
	207	1	1110	120	0	0	2	0.99682	-7.9155	330	1	1.1	0.9;
	208	1	125	15	0	0	2	1.00038	-7.2687	330	1	1.1	0.9;
	209	1	0	0	0	0	2	1.0023	-6.1947	330	1	1.1	0.9;
	210	1	0	0	0	0	2	1.03959	-8.5054	500	1	1.1	0.9;
	211	1	1035	110	0	0	2	1.00935	-12.9296	330	1	1.1	0.9;
	212	1	1000	110	0	400	2	1.019	-13.3482	330	1	1.1	0.9;
	213	1	0	0	0	0	2	1.0398	-10.9485	500	1	1.1	0.9;
	214	1	0	0	0	0	2	1.03367	-13.2379	330	1	1.1	0.9;
	215	1	290	30	0	0	2	1.01172	-6.6853	330	1	1.1	0.9;
	216	1	1105	120	0	300	2	1.03186	-15.1688	330	1	1.1	0.9;
	217	1	750	80	0	0	2	1.033	-17.1196	330	1	1.1	0.9;
	301	2	0	0	0	0	3	1	0.4853	20	1	1.1	0.9;
	302	2	0	0	0	0	3	1	-7.7018	20	1	1.1	0.9;
	303	1	0	0	0	0	3	1.00644	-7.051	500	1	1.1	0.9;
	304	1	0	0	0	0	3	1.00801	-15.8282	500	1	1.1	0.9;
	305	1	0	0	0	0	3	1.01969	-16.9411	500	1	1.1	0.9;
	306	1	900	90	0	0	3	1.02213	-18.3791	500	1	1.1	0.9;
	307	1	470	50	0	0	3	1.02473	-18.3659	500	1	1.1	0.9;
	308	1	620	100	0	0	3	1.05011	-23.8883	500	1	1.1	0.9;
	309	1	140	15	0	0	3	1.04374	-19.5631	330	1	1.1	0.9;
	310	1	0	0	0	0	3	1.01015	-16.5603	330	1	1.1	0.9;
	311	1	0	0	0	0	3	1.04347	-17.8534	330	1	1.1	0.9;
	312	1	92	10	0	0	3	1.01111	-15.2509	220	1	1.1	0.9;
	313	2	1625	165	0	0	3	1.015	-21.1651	220	1	1.1	0.9;
	314	1	180	20	0	0	3	1.01714	-20.274	220	1	1.1	0.9;
	315	1	0	0	0	0	3	1.0448	-23.891	275	1	1.1	0.9;
	401	2	0	0	0	0	4	1	-0.8052	20	1	1.1	0.9;
	402	2	0	0	0	0	4	1	16.4119	20	1	1.1	0.9;
	403	2	0	0	0	0	4	1	14.9049	20	1	1.1	0.9;
	404	2	0	0	0	0	4	1	9.423	20	1	1.1	0.9;
	405	1	730	75	0	0	4	1.00581	2.2868	275	1	1.1	0.9;
	406	1	540	55	0	0	4	0.99822	5.7849	275	1	1.1	0.9;
	407	1	0	0	0	0	4	0.99977	7.5238	275	1	1.1	0.9;
	408	1	110	10	0	0	4	1.00708	8.5531	275	1	1.1	0.9;
	409	1	190	20	0	60	4	1.02927	-8.7525	275	1	1.1	0.9;
	410	1	390	40	0	0	4	1.00824	-7.6118	275	1	1.1	0.9;
	411	1	420	45	0	30	4	1.00496	-13.9715	275	1	1.1	0.9;
	412	2	922	100	0	0	4	1	-14.1984	275	1	1.1	0.9;
	413	1	0	0	0	0	4	1.0469	-7.904	275	1	1.1	0.9;
	414	1	0	0	0	-30	4	1.01942	-7.9158	330	1	1.1	0.9;
	415	1	0	0	0	-60	4	1.03304	-8.0342	330	1	1.1	0.9;
	416	1	0	0	0	-90	4	1.04575	-8.1927	330	1	1.1	0.9;
	501	2	0	0	0	0	5	1	-8.4966	20	1	1.1	0.9;
	502	2	0	0	0	0	5	1	-5.7234	15	1	1.1	0.9;
	503	2	0	0	0	0	5	1	-8.3639	15	1	1.1	0.9;
	504	1	170	20	0	0	5	1.01653	-16.401	275	1	1.1	0.9;
	505	1	0	0	0	0	5	0.99495	-13.2666	275	1	1.1	0.9;
	506	1	0	0	0	0	5	0.99894	-15.4048	275	1	1.1	0.9;
	507	2	565	65	0	0	5	1	-16.1799	275	1	1.1	0.9;
	508	1	450	50	0	0	5	1.00133	-16.7722	275	1	1.1	0.9;
	509	2	117	15	0	0	5	1.03	-23.781	275	1	1.1	0.9;
];

%% generator data
%	bus	Pg	Qg	Qmax	Qmin	Vg	mBase	status	Pmax	Pmin	Pc1	Pc2	Qc1min	Qc1max	Qc2min	Qc2max	ramp_agc	ramp_10	ramp_30	ramp_q	apf
mpc.gen = [
	101	0	-204.39	290.564	-290.564	1	666.6	1	600	0	0	0	0	0	0	0	0	0	0	0	0;
	201	1680	-160.451	871.824	-871.824	1	2000.1	1	1800	0	0	0	0	0	0	0	0	0	0	0	0;
	202	1470	-21.784	726.54	-726.54	1	1666.8	1	1500	0	0	0	0	0	0	0	0	0	0	0	0;
	203	1470	11.211	726.54	-726.54	1	1666.8	1	1500	0	0	0	0	0	0	0	0	0	0	0	0;
	204	1457.542	-183.682	871.824	-871.824	1	2000.1	1	1800	0	0	0	0	0	0	0	0	0	0	0	0;
	205	0	-29.41	430	-220	1.045	650	1	0	0	0	0	0	0	0	0	0	0	0	0	0;
	301	3300	56.332	1743.648	-1743.648	1	4000.2	1	3600	0	0	0	0	0	0	0	0	0	0	0	0;
	302	786	-13.893	387.418	-387.418	1	888.8	1	800	0	0	0	0	0	0	0	0	0	0	0	0;
	313	0	54.172	600	-200	1.015	800	1	0	0	0	0	0	0	0	0	0	0	0	0	0;
	401	1050	-97.848	581.127	-581.127	1	1333.2	1	1200	0	0	0	0	0	0	0	0	0	0	0	0;
	402	810	13.997	435.846	-435.846	1	999.9	1	900	0	0	0	0	0	0	0	0	0	0	0	0;
	403	760	50.356	387.418	-387.418	1	888.8	1	800	0	0	0	0	0	0	0	0	0	0	0	0;
	404	735	11.638	435.846	-435.846	1	999.9	1	900	0	0	0	0	0	0	0	0	0	0	0	0;
	412	0	-0.232	1100	-330	1	1430	1	0	0	0	0	0	0	0	0	0	0	0	0	0;
	501	270	-42.195	145.282	-145.282	1	333.3	1	300	0	0	0	0	0	0	0	0	0	0	0	0;
	502	800	-38.782	600	-600	1	1000	1	800	0	0	0	0	0	0	0	0	0	0	0	0;
	503	240	-22.338	145.326	-145.326	1	333.4	1	300	0	0	0	0	0	0	0	0	0	0	0	0;
	507	0	-3.745	320	-180	1	500	1	0	0	0	0	0	0	0	0	0	0	0	0	0;
	509	0	-109.338	400	-150	1.03	550	1	0	0	0	0	0	0	0	0	0	0	0	0	0;
];

%% branch data
%	fbus	tbus	r	x	b	rateA	rateB	rateC	ratio	angle	status	angmin	angmax
