function mpc = LF_Case01_R4_S
%LF_CASE01_R4_S
%   PSS(R)E 29 RAW created by rawd29  MON, FEB 17 2014  18:49
%   LF_CASE01_R3_S  14-GENERATOR, SIMPLIFIED SYSTEM MODEL.
%   AREA4->AREA2->AREA3->AREA5 500-1000-500 MW.
%
%   Converted by MATPOWER 7.0b1 using PSSE2MPC on 08-Jun-2019
%   from 'LF_Case01_R4_S.raw' using PSS/E rev 29 format.
%
%   WARNINGS:
%       Section label mismatch, found 'VSC DC LINE', expected 'VOLTAGE SOURCE CONVERTER'
%       Section label mismatch, found 'FACTS DEVICE', expected 'FACTS CONTROL DEVICE'
%       Using default voltage magnitude limits: VMIN = 0.9 p.u., VMAX = 1.1 p.u.
%
%   See CASEFORMAT for details on the MATPOWER case file format.

%% MATPOWER Case Format : Version 2
mpc.version = '2';

%%-----  Power Flow Data  -----%%
%% system MVA base
mpc.baseMVA = 100;

%% bus data
%	bus_i	type	Pd	Qd	Gs	Bs	area	Vm	Va	baseKV	zone	Vmax	Vmin
mpc.bus = [
	101	3	0	0	0	0	1	1	0	15	1	1.1	0.9;
	102	1	450	45	0	0	1	1.03895	-1.4021	330	1	1.1	0.9;
	201	2	0	0	0	0	2	1	48.9004	20	1	1.1	0.9;
	202	2	0	0	0	0	2	1	37.8999	20	1	1.1	0.9;
	203	2	0	0	0	0	2	1	32.241	20	1	1.1	0.9;
	204	2	0	0	0	0	2	1	39.211	20	1	1.1	0.9;
	205	2	390	39	0	0	2	1.055	44.0174	330	1	1.1	0.9;
	206	1	130	13	0	0	2	1.0472	41.4466	330	1	1.1	0.9;
	207	1	1880	188	0	0	2	1.0221	27.6908	330	1	1.1	0.9;
	208	1	210	21	0	0	2	1.03244	26.2505	330	1	1.1	0.9;
	209	1	0	0	0	0	2	1.03793	30.4145	330	1	1.1	0.9;
	210	1	0	0	0	0	2	1.05939	26.6789	500	1	1.1	0.9;
	211	1	1700	170	0	0	2	1.00806	18.8693	330	1	1.1	0.9;
	212	1	1660	166	0	400	2	1.00839	19.1254	330	1	1.1	0.9;
	213	1	0	0	0	0	2	1.04263	22.6683	500	1	1.1	0.9;
	214	1	0	0	0	0	2	1.02565	18.7505	330	1	1.1	0.9;
	215	1	480	48	0	0	2	1.04329	33.114	330	1	1.1	0.9;
	216	1	1840	184	0	300	2	1.01299	16.0964	330	1	1.1	0.9;
	217	1	1260	126	0	0	2	1.00207	9.3905	330	1	1.1	0.9;
	301	2	0	0	0	0	3	1	-3.3932	20	1	1.1	0.9;
	302	2	0	0	0	0	3	1	-18.0204	20	1	1.1	0.9;
	303	1	0	0	0	0	3	1.0417	-10.8515	500	1	1.1	0.9;
	304	1	0	0	0	0	3	1.00933	-21.7495	500	1	1.1	0.9;
	305	1	0	0	0	0	3	1.0164	-22.7619	500	1	1.1	0.9;
	306	1	1230	123	0	0	3	1.01598	-24.9219	500	1	1.1	0.9;
	307	1	650	65	0	0	3	1.01823	-24.9732	500	1	1.1	0.9;
	308	1	655	66	0	0	3	1.03586	-35.4136	500	1	1.1	0.9;
	309	1	195	20	0	0	3	1.02913	-9.3431	330	1	1.1	0.9;
	310	1	0	0	0	0	3	1.01981	-24.8071	330	1	1.1	0.9;
	311	1	0	0	0	0	3	1.01358	-17.6649	330	1	1.1	0.9;
	312	1	115	12	0	0	3	1.0383	-23.5946	220	1	1.1	0.9;
	313	2	2405	240	0	0	3	1.015	-30.2295	220	1	1.1	0.9;
	314	1	250	25	0	0	3	1.01578	-28.5167	220	1	1.1	0.9;
	315	1	0	0	0	0	3	1.03763	-39.0132	275	1	1.1	0.9;
	401	2	0	0	0	0	4	1	74.3354	20	1	1.1	0.9;
	402	2	0	0	0	0	4	1	107.9391	20	1	1.1	0.9;
	403	2	0	0	0	0	4	1	113.3369	20	1	1.1	0.9;
	404	2	0	0	0	0	4	1	106.526	20	1	1.1	0.9;
	405	1	990	99	0	0	4	1.03118	99.5376	275	1	1.1	0.9;
	406	1	740	74	0	0	4	1.03417	104.7857	275	1	1.1	0.9;
	407	1	0	0	0	0	4	1.03927	107.1131	275	1	1.1	0.9;
	408	1	150	15	0	0	4	1.03014	100.3798	275	1	1.1	0.9;
	409	1	260	26	0	60	4	0.98553	76.613	275	1	1.1	0.9;
	410	1	530	53	0	0	4	1.03012	68.1448	275	1	1.1	0.9;
	411	1	575	58	0	30	4	0.99305	62.2465	275	1	1.1	0.9;
	412	2	1255	126	0	0	4	1	60.9735	275	1	1.1	0.9;
	413	1	0	0	0	0	4	1.03981	60.9511	275	1	1.1	0.9;
	414	1	0	0	0	-30	4	1.04183	60.1987	330	1	1.1	0.9;
	415	1	0	0	0	-60	4	1.04738	56.657	330	1	1.1	0.9;
	416	1	0	0	0	-60	4	1.05524	50.2682	330	1	1.1	0.9;
	501	2	0	0	0	0	5	1	-55.315	20	1	1.1	0.9;
	502	2	0	0	0	0	5	1	-53.9517	15	1	1.1	0.9;
	503	2	0	0	0	0	5	1	-56.283	15	1	1.1	0.9;
	504	1	300	60	0	0	5	1.04785	-63.3086	275	1	1.1	0.9;
	505	1	0	0	0	0	5	1.02206	-60.8729	275	1	1.1	0.9;
	506	1	0	0	0	0	5	1.02043	-62.1823	275	1	1.1	0.9;
	507	2	1000	200	0	0	5	1.015	-63.4538	275	1	1.1	0.9;
	508	1	800	160	0	0	5	1.01043	-64.6602	275	1	1.1	0.9;
	509	2	200	40	0	0	5	1.03	-45.7446	275	1	1.1	0.9;
];

%% generator data
%	bus	Pg	Qg	Qmax	Qmin	Vg	mBase	status	Pmax	Pmin	Pc1	Pc2	Qc1min	Qc1max	Qc2min	Qc2max	ramp_agc	ramp_10	ramp_30	ramp_q	apf
mpc.gen = [
	101	300.808	311.463	581.128	-581.128	1	1333.2	1	1200	0	0	0	0	0	0	0	0	0	0	0	0;
	201	3600	573.64	1743.648	-1743.648	1	4000.2	1	3600	0	0	0	0	0	0	0	0	0	0	0	0;
	202	2500	663.381	1210.9	-1210.9	1	2778	1	2500	0	0	0	0	0	0	0	0	0	0	0	0;
	203	1500	531.183	968.72	-968.72	1	2222.4	1	2000	0	0	0	0	0	0	0	0	0	0	0	0;
	204	2950.2	734.155	1743.648	-1743.648	1	4000.2	1	3600	0	0	0	0	0	0	0	0	0	0	0	0;
	205	0	-68.262	430	-220	1.055	650	1	0	0	0	0	0	0	0	0	0	0	0	0	0;
	301	4200	996.438	2034.256	-2034.256	1	4666.9	1	4200	0	0	0	0	0	0	0	0	0	0	0	0;
	302	939.9	154.576	581.127	-581.127	1	1333.2	1	1200	0	0	0	0	0	0	0	0	0	0	0	0;
	313	0	71.399	600	-200	1.015	800	1	0	0	0	0	0	0	0	0	0	0	0	0	0;
	401	1400	514.88	774.836	-774.836	1	1777.6	1	1600	0	0	0	0	0	0	0	0	0	0	0	0;
	402	837	177.852	435.846	-435.846	1	999.9	1	900	0	0	0	0	0	0	0	0	0	0	0	0;
	403	1400	209.191	774.836	-774.836	1	1777.6	1	1600	0	0	0	0	0	0	0	0	0	0	0	0;
	404	1549.8	326.804	871.692	-871.692	1	1999.8	1	1800	0	0	0	0	0	0	0	0	0	0	0	0;
	412	0	58.162	1100	-330	1	1430	1	0	0	0	0	0	0	0	0	0	0	0	0	0;
	501	600	50.693	290.564	-290.564	1	666.6	1	600	0	0	0	0	0	0	0	0	0	0	0	0;
	502	800	160.267	600	-600	1	1000	1	800	0	0	0	0	0	0	0	0	0	0	0	0;
	503	436	100.855	290.652	-290.652	1	666.8	1	600	0	0	0	0	0	0	0	0	0	0	0	0;
	507	0	22.648	320	-180	1.015	500	1	0	0	0	0	0	0	0	0	0	0	0	0	0;
	509	0	10.554	400	-150	1.03	550	1	0	0	0	0	0	0	0	0	0	0	0	0	0;
];

%% branch data
%	fbus	tbus	r	x	b	rateA	rateB	rateC	ratio	angle	status	angmin	angmax
