function mpc = LF_Case03_R4_S
%LF_CASE03_R4_S
%   PSS(R)E 29 RAW created by rawd29  MON, FEB 17 2014  18:49
%   LF_CASE03_R3_S  14-GENERATOR SIMPLIFIED MODEL OF 4-STATE
%   SYSTEM: HPS 3GW; AREA5<-AREA3<-AREA2->AREA4 250-1000-500
%
%   Converted by MATPOWER 7.0b1 using PSSE2MPC on 08-Jun-2019
%   from 'LF_Case03_R4_S.raw' using PSS/E rev 29 format.
%
%   WARNINGS:
%       Section label mismatch, found 'VSC DC LINE', expected 'VOLTAGE SOURCE CONVERTER'
%       Section label mismatch, found 'FACTS DEVICE', expected 'FACTS CONTROL DEVICE'
%       Using default voltage magnitude limits: VMIN = 0.9 p.u., VMAX = 1.1 p.u.
%
%   See CASEFORMAT for details on the MATPOWER case file format.

%% MATPOWER Case Format : Version 2
mpc.version = '2';

%%-----  Power Flow Data  -----%%
%% system MVA base
mpc.baseMVA = 100;

%% bus data
%	bus_i	type	Pd	Qd	Gs	Bs	area	Vm	Va	baseKV	zone	Vmax	Vmin
mpc.bus = [
	101	3	0	0	0	0	1	1	0	15	1	1.1	0.9;
	102	1	475	50	0	0	1	1.05095	-4.6237	330	1	1.1	0.9;
	201	2	0	0	0	0	2	1	-3.4783	20	1	1.1	0.9;
	202	2	0	0	0	0	2	1	-11.1353	20	1	1.1	0.9;
	203	2	0	0	0	0	2	1	-21.488	20	1	1.1	0.9;
	204	2	0	0	0	0	2	1	0.7282	20	1	1.1	0.9;
	205	2	410	40	0	0	2	1.02	-29.3199	330	1	1.1	0.9;
	206	1	140	15	0	0	2	1.04772	-10.2724	330	1	1.1	0.9;
	207	1	1975	200	0	0	2	1.01718	-22.6218	330	1	1.1	0.9;
	208	1	220	25	0	0	2	1.02189	-25.1153	330	1	1.1	0.9;
	209	1	0	0	0	0	2	1.03828	-18.1669	330	1	1.1	0.9;
	210	1	0	0	0	0	2	1.06189	-19.8381	500	1	1.1	0.9;
	211	1	1785	180	0	100	2	1.00333	-28.9813	330	1	1.1	0.9;
	212	1	1740	180	0	150	2	1.00004	-28.0605	330	1	1.1	0.9;
	213	1	0	0	0	0	2	1.04621	-21.5981	500	1	1.1	0.9;
	214	1	0	0	0	0	2	1.02367	-23.3571	330	1	1.1	0.9;
	215	1	505	50	0	0	2	1.05019	-5.8766	330	1	1.1	0.9;
	216	1	1930	200	0	150	2	1.00612	-23.6239	330	1	1.1	0.9;
	217	1	1320	140	0	0	2	1.01732	-17.4625	330	1	1.1	0.9;
	301	2	0	0	0	0	3	1	-4.8331	20	1	1.1	0.9;
	302	2	0	0	0	0	3	1	-18.3724	20	1	1.1	0.9;
	303	1	0	0	0	0	3	1.04812	-11.928	500	1	1.1	0.9;
	304	1	0	0	0	0	3	1.00596	-23.8981	500	1	1.1	0.9;
	305	1	0	0	0	0	3	1.01551	-25.0175	500	1	1.1	0.9;
	306	1	1450	150	0	0	3	1.01495	-27.3681	500	1	1.1	0.9;
	307	1	770	80	0	0	3	1.01772	-27.3491	500	1	1.1	0.9;
	308	1	770	80	0	0	3	1.04538	-36.5335	500	1	1.1	0.9;
	309	1	230	25	0	0	3	1.03739	-12.3775	330	1	1.1	0.9;
	310	1	0	0	0	0	3	1.01675	-26.9818	330	1	1.1	0.9;
	311	1	0	0	0	0	3	1.01758	-20.1563	330	1	1.1	0.9;
	312	1	140	15	0	0	3	1.03905	-24.0264	220	1	1.1	0.9;
	313	2	2840	290	0	0	3	1.015	-33.1758	220	1	1.1	0.9;
	314	1	300	30	0	0	3	1.01511	-31.3575	220	1	1.1	0.9;
	315	1	0	0	0	0	3	1.05075	-38.3038	275	1	1.1	0.9;
	401	2	0	0	0	0	4	1	-45.3776	20	1	1.1	0.9;
	402	2	0	0	0	0	4	1	-22.5558	20	1	1.1	0.9;
	403	2	0	0	0	0	4	1	-21.1941	20	1	1.1	0.9;
	404	2	0	0	0	0	4	1	-28.3477	20	1	1.1	0.9;
	405	1	1215	120	0	0	4	1.03735	-34.9081	275	1	1.1	0.9;
	406	1	905	90	0	0	4	1.03536	-30.0107	275	1	1.1	0.9;
	407	1	0	0	0	0	4	1.04086	-27.4083	275	1	1.1	0.9;
	408	1	185	20	0	0	4	1.04396	-30.3103	275	1	1.1	0.9;
	409	1	310	30	0	60	4	1.01605	-52.7438	275	1	1.1	0.9;
	410	1	650	65	0	0	4	1.03187	-51.5577	275	1	1.1	0.9;
	411	1	700	70	0	30	4	0.99951	-61.8647	275	1	1.1	0.9;
	412	2	1535	155	0	0	4	1	-62.2754	275	1	1.1	0.9;
	413	1	0	0	0	0	4	1.03493	-45.2754	275	1	1.1	0.9;
	414	1	0	0	0	-30	4	1.03391	-44.5998	330	1	1.1	0.9;
	415	1	0	0	0	-60	4	1.03448	-41.405	330	1	1.1	0.9;
	416	1	0	0	0	-60	4	1.03174	-35.4513	330	1	1.1	0.9;
	501	2	0	0	0	0	5	1	-41.323	20	1	1.1	0.9;
	502	2	0	0	0	0	5	1	-42.2101	15	1	1.1	0.9;
	503	2	0	0	0	0	5	1	-41.6055	15	1	1.1	0.9;
	504	1	300	60	0	-90	5	1.05689	-49.2479	275	1	1.1	0.9;
	505	1	0	0	0	0	5	1.0517	-48.0569	275	1	1.1	0.9;
	506	1	0	0	0	0	5	1.05138	-47.9536	275	1	1.1	0.9;
	507	2	1100	220	0	0	5	1.043	-50.2588	275	1	1.1	0.9;
	508	1	800	160	0	0	5	1.03184	-51.1949	275	1	1.1	0.9;
	509	2	100	20	0	0	5	1.05	-41.6137	275	1	1.1	0.9;
];

%% generator data
%	bus	Pg	Qg	Qmax	Qmin	Vg	mBase	status	Pmax	Pmin	Pc1	Pc2	Qc1min	Qc1max	Qc2min	Qc2max	ramp_agc	ramp_10	ramp_30	ramp_q	apf
mpc.gen = [
	101	2979.133	261.405	1743.384	-1743.384	1	3999.6	1	3600	0	0	0	0	0	0	0	0	0	0	0	0;
	201	3300	654.86	1743.648	-1743.648	1	4000.2	1	3600	0	0	0	0	0	0	0	0	0	0	0	0;
	202	2350	637.768	1210.9	-1210.9	1	2778	1	2500	0	0	0	0	0	0	0	0	0	0	0	0;
	203	450	314.077	484.36	-484.36	1	1111.2	1	1000	0	0	0	0	0	0	0	0	0	0	0	0;
	204	3216	578.946	1743.648	-1743.648	1	4000.2	1	3600	0	0	0	0	0	0	0	0	0	0	0	0;
	205	0	-5.16	430	-220	1.02	650	1	0	0	0	0	0	0	0	0	0	0	0	0	0;
	301	4640	1260.799	2324.864	-2324.864	1	5333.6	1	4800	0	0	0	0	0	0	0	0	0	0	0	0;
	302	1272	198.584	774.836	-774.836	1	1777.6	1	1600	0	0	0	0	0	0	0	0	0	0	0	0;
	313	0	158.79	600	-200	1.015	800	1	0	0	0	0	0	0	0	0	0	0	0	0	0;
	401	1400	492.616	774.836	-774.836	1	1777.6	1	1600	0	0	0	0	0	0	0	0	0	0	0	0;
	402	870	96.126	435.846	-435.846	1	999.9	1	900	0	0	0	0	0	0	0	0	0	0	0	0;
	403	1400	189.364	774.836	-774.836	1	1777.6	1	1600	0	0	0	0	0	0	0	0	0	0	0	0;
	404	1464	239.871	871.692	-871.692	1	1999.8	1	1800	0	0	0	0	0	0	0	0	0	0	0	0;
	412	0	83.796	1100	-330	1	1430	1	0	0	0	0	0	0	0	0	0	0	0	0	0;
	501	600	13.098	290.564	-290.564	1	666.6	1	600	0	0	0	0	0	0	0	0	0	0	0	0;
	502	720	195.159	600	-600	1	1000	1	800	0	0	0	0	0	0	0	0	0	0	0	0;
	503	750	195.707	435.978	-435.978	1	1000.2	1	900	0	0	0	0	0	0	0	0	0	0	0	0;
	507	0	18.011	320	-180	1.043	500	1	0	0	0	0	0	0	0	0	0	0	0	0	0;
	509	0	-63.41	400	-150	1.05	550	1	0	0	0	0	0	0	0	0	0	0	0	0	0;
];

%% branch data
%	fbus	tbus	r	x	b	rateA	rateB	rateC	ratio	angle	status	angmin	angmax
