function mpc = LF_Case02_R4_S
%LF_CASE02_R4_S
%   PSS(R)E 29 RAW created by rawd29  MON, FEB 17 2014  18:49
%   LF_CASE02_R3_S 14-GEN. SIMPLIFIED MODEL OF 4-STATE SYSTEM.
%   NORTHFLOW AREA5->AREA3->AREA2->AREA4 500-1000-500
%
%   Converted by MATPOWER 7.0b1 using PSSE2MPC on 08-Jun-2019
%   from 'LF_Case02_R4_S.raw' using PSS/E rev 29 format.
%
%   WARNINGS:
%       Section label mismatch, found 'VSC DC LINE', expected 'VOLTAGE SOURCE CONVERTER'
%       Section label mismatch, found 'FACTS DEVICE', expected 'FACTS CONTROL DEVICE'
%       Using default voltage magnitude limits: VMIN = 0.9 p.u., VMAX = 1.1 p.u.
%
%   See CASEFORMAT for details on the MATPOWER case file format.

%% MATPOWER Case Format : Version 2
mpc.version = '2';

%%-----  Power Flow Data  -----%%
%% system MVA base
mpc.baseMVA = 100;

%% bus data
%	bus_i	type	Pd	Qd	Gs	Bs	area	Vm	Va	baseKV	zone	Vmax	Vmin
mpc.bus = [
	101	3	0	0	0	0	1	1	0	15	1	1.1	0.9;
	102	1	380	38	0	0	1	1.03781	-3.0075	330	1	1.1	0.9;
	201	2	0	0	0	0	2	1	3.0275	20	1	1.1	0.9;
	202	2	0	0	0	0	2	1	-0.9779	20	1	1.1	0.9;
	203	2	0	0	0	0	2	1	-3.937	20	1	1.1	0.9;
	204	2	0	0	0	0	2	1	-1.5336	20	1	1.1	0.9;
	205	2	330	33	0	0	2	1.055	-20.6348	330	1	1.1	0.9;
	206	1	110	11	0	0	2	1.05385	-3.9158	330	1	1.1	0.9;
	207	1	1600	160	0	0	2	1.03511	-11.0152	330	1	1.1	0.9;
	208	1	180	18	0	0	2	1.03929	-11.1519	330	1	1.1	0.9;
	209	1	0	0	0	0	2	1.04668	-8.1698	330	1	1.1	0.9;
	210	1	0	0	0	0	2	1.06462	-10.2589	500	1	1.1	0.9;
	211	1	1445	145	0	0	2	1.02709	-16.4437	330	1	1.1	0.9;
	212	1	1410	140	0	150	2	1.02838	-16.3859	330	1	1.1	0.9;
	213	1	0	0	0	0	2	1.05941	-12.4698	500	1	1.1	0.9;
	214	1	0	0	0	0	2	1.04754	-14.5828	330	1	1.1	0.9;
	215	1	410	40	0	0	2	1.05476	-6.4333	330	1	1.1	0.9;
	216	1	1565	155	0	150	2	1.0388	-16.4131	330	1	1.1	0.9;
	217	1	1070	110	0	0	2	1.04002	-12.5045	330	1	1.1	0.9;
	301	2	0	0	0	0	3	1	48.7932	20	1	1.1	0.9;
	302	2	0	0	0	0	3	1	42.0745	20	1	1.1	0.9;
	303	1	0	0	0	0	3	1.04659	41.5907	500	1	1.1	0.9;
	304	1	0	0	0	0	3	1.01329	29.9672	500	1	1.1	0.9;
	305	1	0	0	0	0	3	1.02018	28.1651	500	1	1.1	0.9;
	306	1	1230	123	0	0	3	1.02076	26.608	500	1	1.1	0.9;
	307	1	650	65	0	0	3	1.02335	26.7903	500	1	1.1	0.9;
	308	1	655	66	0	0	3	1.03427	25.3808	500	1	1.1	0.9;
	309	1	195	20	0	0	3	1.00781	5.5588	330	1	1.1	0.9;
	310	1	0	0	0	0	3	1.02216	31.6063	330	1	1.1	0.9;
	311	1	0	0	0	0	3	1.03108	19.699	330	1	1.1	0.9;
	312	1	115	12	0	0	3	1.03697	35.2461	220	1	1.1	0.9;
	313	2	2405	240	0	0	3	1.015	23.7118	220	1	1.1	0.9;
	314	1	250	25	0	0	3	1.01695	24.5342	220	1	1.1	0.9;
	315	1	0	0	0	0	3	1.05165	28.8005	275	1	1.1	0.9;
	401	2	0	0	0	0	4	1	-35.7185	20	1	1.1	0.9;
	402	2	0	0	0	0	4	1	-12.9068	20	1	1.1	0.9;
	403	2	0	0	0	0	4	1	-11.5356	20	1	1.1	0.9;
	404	2	0	0	0	0	4	1	-18.6846	20	1	1.1	0.9;
	405	1	1215	120	0	0	4	1.03744	-25.2444	275	1	1.1	0.9;
	406	1	905	90	0	0	4	1.03542	-20.351	275	1	1.1	0.9;
	407	1	0	0	0	0	4	1.04091	-17.7495	275	1	1.1	0.9;
	408	1	185	20	0	0	4	1.04428	-20.6589	275	1	1.1	0.9;
	409	1	310	30	0	60	4	1.01633	-43.0614	275	1	1.1	0.9;
	410	1	650	65	0	0	4	1.03397	-41.886	275	1	1.1	0.9;
	411	1	700	70	0	30	4	0.99979	-52.1664	275	1	1.1	0.9;
	412	2	1535	155	0	0	4	1	-52.5743	275	1	1.1	0.9;
	413	1	0	0	0	0	4	1.04789	-35.7448	275	1	1.1	0.9;
	414	1	0	0	0	-30	4	1.04801	-35.0867	330	1	1.1	0.9;
	415	1	0	0	0	-60	4	1.05375	-32.0165	330	1	1.1	0.9;
	416	1	0	0	0	-60	4	1.05966	-26.3683	330	1	1.1	0.9;
	501	2	0	0	0	0	5	1	86.322	20	1	1.1	0.9;
	502	2	0	0	0	0	5	1	84.8454	15	1	1.1	0.9;
	503	2	0	0	0	0	5	1	84.9985	15	1	1.1	0.9;
	504	1	200	40	0	-90	5	1.06428	78.4526	275	1	1.1	0.9;
	505	1	0	0	0	0	5	1.05047	78.3386	275	1	1.1	0.9;
	506	1	0	0	0	0	5	1.04886	77.9701	275	1	1.1	0.9;
	507	2	710	140	0	0	5	1.04	75.4824	275	1	1.1	0.9;
	508	1	520	105	0	0	5	1.03542	76.1619	275	1	1.1	0.9;
	509	2	70	15	0	0	5	1.027	35.8407	275	1	1.1	0.9;
];

%% generator data
%	bus	Pg	Qg	Qmax	Qmin	Vg	mBase	status	Pmax	Pmin	Pc1	Pc2	Qc1min	Qc1max	Qc2min	Qc2max	ramp_agc	ramp_10	ramp_30	ramp_q	apf
mpc.gen = [
	101	478.688	163.337	435.846	-435.846	1	999.9	1	900	0	0	0	0	0	0	0	0	0	0	0	0;
	201	2800	194.366	1453.04	-1453.04	1	3333.5	1	3000	0	0	0	0	0	0	0	0	0	0	0	0;
	202	1920	241.979	968.72	-968.72	1	2222.4	1	2000	0	0	0	0	0	0	0	0	0	0	0	0;
	203	1350	247.233	726.54	-726.54	1	1666.8	1	1500	0	0	0	0	0	0	0	0	0	0	0	0;
	204	1584	71.304	1162.432	-1162.432	1	2666.8	1	2400	0	0	0	0	0	0	0	0	0	0	0	0;
	205	0	41.792	430	-220	1.055	650	1	0	0	0	0	0	0	0	0	0	0	0	0	0;
	301	4680	1128.636	2324.864	-2324.864	1	5333.6	1	4800	0	0	0	0	0	0	0	0	0	0	0	0;
	302	1532	253.057	774.836	-774.836	1	1777.6	1	1600	0	0	0	0	0	0	0	0	0	0	0	0;
	313	0	129.403	600	-200	1.015	800	1	0	0	0	0	0	0	0	0	0	0	0	0	0;
	401	1400	466.083	774.836	-774.836	1	1777.6	1	1600	0	0	0	0	0	0	0	0	0	0	0	0;
	402	870	94.14	435.846	-435.846	1	999.9	1	900	0	0	0	0	0	0	0	0	0	0	0	0;
	403	1400	188.642	774.836	-774.836	1	1777.6	1	1600	0	0	0	0	0	0	0	0	0	0	0	0;
	404	1464	238.734	871.692	-871.692	1	1999.8	1	1800	0	0	0	0	0	0	0	0	0	0	0	0;
	412	0	63.872	1100	-330	1	1430	1	0	0	0	0	0	0	0	0	0	0	0	0	0;
	501	600	-17.627	290.564	-290.564	1	666.6	1	600	0	0	0	0	0	0	0	0	0	0	0	0;
	502	800	212.139	600	-600	1	1000	1	800	0	0	0	0	0	0	0	0	0	0	0	0;
	503	690	184.35	363.315	-363.315	1	833.5	1	750	0	0	0	0	0	0	0	0	0	0	0	0;
	507	0	36.821	320	-180	1.04	500	1	0	0	0	0	0	0	0	0	0	0	0	0	0;
	509	0	50.175	400	-150	1.027	550	1	0	0	0	0	0	0	0	0	0	0	0	0	0;
];

%% branch data
%	fbus	tbus	r	x	b	rateA	rateB	rateC	ratio	angle	status	angmin	angmax
